0.000000 0.001541 0.004827 0.000137 0.163553 0.020934 0.002580 0.000219 0.000007 0.002078 0.000196 0.001429 0.000104 0.001324 0.092821 0.027263 0.000073 0.000392 0.001135 0.002318 0.000071 0.001212 0.001132 0.182814 0.000948 0.000154 0.001707 0.001249 0.003145 0.001803 0.037904 0.003776 0.000051 0.003388 0.001805 0.000121 0.001303 0.002217 0.000200 0.000278 0.000015 0.004388 0.011007 0.000894 0.002138 0.001016 0.000190 0.001694 0.000056 0.000537 0.002224 0.001478 0.108341 0.002096 0.000071 0.000521 0.001039 0.000768 0.000378 0.000289 0.000426 0.002200 0.006995 0.049533 0.000330 0.011675 0.000565 0.000447 0.000588 0.002521 0.000200 0.000399 0.000728 0.000087 0.039298 0.000121 0.001582 0.000063 0.017210 0.009732 0.000670 0.000410 0.000110 0.000556 0.000222 0.000089 0.000536 0.000704 0.001760 0.007872 0.000071 0.000192 0.000199 0.000764 0.000148 0.000985 0.000832 0.003708 0.000139 0.000043 0.000680 0.000150 0.000626 0.000727 0.001235 0.002264 0.000048 0.000383 0.000278 0.000042 0.000142 0.000139 0.000214 0.000140 0.000040 0.000408 0.000379 0.001083 0.000189 0.000568 0.000275 0.000285 0.000015 0.000012 0.000162 0.000126 0.002742 0.000209 0.000014 0.000125 0.000068 0.000223 0.000036 0.000046 0.000373 0.001286 0.001225 0.000588 0.000976 0.013877 0.000114 0.000068 0.000233 0.000393 0.000227 0.000068 0.000165 0.000253
0.001541 0.000000 0.000252 0.000037 0.000491 0.000018 0.000003 0.000003 0.000000 0.000313 0.000093 0.000133 0.000064 0.000143 0.000230 0.000427 0.000029 0.000215 0.233655 0.032015 0.172296 0.009945 0.002746 0.001485 0.000280 0.000038 0.007525 0.000063 0.000239 0.001302 0.000018 0.000107 0.000007 0.011404 0.001660 0.000030 0.034045 0.010588 0.000073 0.000077 0.000005 0.226685 0.007054 0.000299 0.000133 0.000063 0.000363 0.001081 0.000020 0.025749 0.121959 0.000012 0.000406 0.000011 0.000003 0.000247 0.049824 0.020083 0.061507 0.020392 0.017959 0.000525 0.002297 0.002496 0.003123 0.000227 0.000033 0.000039 0.000075 0.000013 0.000024 0.000585 0.001182 0.000015 0.000069 0.000124 0.000022 0.000001 0.000030 0.000014 0.000002 0.000002 0.000002 0.000013 0.000139 0.000002 0.000003 0.000003 0.000008 0.000029 0.000026 0.000048 0.000151 0.000391 0.000066 0.000126 0.000099 0.000014 0.000006 0.000000 0.000170 0.000003 0.000002 0.000281 0.000005 0.000005 0.000001 0.000023 0.000045 0.000001 0.000018 0.000004 0.000001 0.000001 0.000001 0.000045 0.000056 0.000320 0.000002 0.000010 0.000006 0.000015 0.000000 0.000007 0.000009 0.000001 0.000004 0.000004 0.000000 0.000006 0.000052 0.000107 0.000007 0.000019 0.000046 0.000003 0.000004 0.000006 0.000492 0.000333 0.000002 0.000001 0.000001 0.000002 0.000011 0.000003 0.000010 0.000008
0.004827 0.000252 0.000000 0.000543 0.001080 0.000348 0.001348 0.062571 0.004058 0.000103 0.000033 0.002623 0.000730 0.003498 0.002348 0.153567 0.002598 0.002321 0.001034 0.001854 0.000009 0.000172 0.004408 0.005214 0.000736 0.000397 0.042281 0.088616 0.073626 0.133705 0.000915 0.006046 0.002799 0.007169 0.010714 0.002236 0.005101 0.004675 0.000856 0.001018 0.000839 0.001069 0.004232 0.000140 0.048835 0.175696 0.000357 0.019412 0.000723 0.000614 0.000184 0.000640 0.000844 0.000912 0.000035 0.000541 0.000194 0.000373 0.000327 0.001210 0.000102 0.004564 0.006583 0.002984 0.000365 0.005853 0.031368 0.001506 0.010275 0.000104 0.030755 0.007890 0.002501 0.003436 0.000542 0.000121 0.030975 0.000061 0.000209 0.000044 0.000147 0.009515 0.001167 0.000785 0.000059 0.000083 0.000168 0.000192 0.000229 0.007137 0.000288 0.000242 0.000223 0.001150 0.000085 0.000477 0.000645 0.000193 0.000241 0.000309 0.002644 0.002558 0.001173 0.005989 0.000044 0.000063 0.000575 0.004596 0.000426 0.001114 0.000507 0.000817 0.000090 0.000081 0.001044 0.000295 0.000635 0.000377 0.000306 0.018001 0.000074 0.001273 0.000045 0.000009 0.000091 0.000038 0.000198 0.000201 0.000009 0.000185 0.000071 0.000130 0.000053 0.000100 0.000238 0.000161 0.000056 0.000103 0.001376 0.011013 0.002734 0.000059 0.000646 0.000005 0.000884 0.000485 0.001332 0.003345
0.000137 0.000037 0.000543 0.000000 0.000019 0.000014 0.000029 0.000005 0.000000 0.000001 0.000003 0.085965 0.001217 0.009899 0.000451 0.000613 0.054826 0.011125 0.000148 0.000199 0.000001 0.000016 0.000023 0.001093 0.005948 0.173665 0.002773 0.068590 0.033003 0.000295 0.000003 0.000005 0.005763 0.019843 0.001191 0.057781 0.000616 0.003007 0.000640 0.000989 0.104169 0.000291 0.000036 0.000006 0.044874 0.000056 0.000240 0.006618 0.104722 0.000006 0.000001 0.000193 0.000090 0.000009 0.000240 0.001379 0.000023 0.000047 0.000014 0.000097 0.000002 0.001335 0.000025 0.000497 0.000010 0.000025 0.027810 0.013462 0.000067 0.000001 0.000006 0.003380 0.006268 0.008525 0.000012 0.000004 0.000011 0.000000 0.000007 0.000002 0.000002 0.000000 0.000000 0.000000 0.000000 0.000010 0.000000 0.000005 0.000027 0.000120 0.000001 0.000016 0.000005 0.000009 0.000003 0.000008 0.000006 0.000004 0.000003 0.000001 0.000032 0.000000 0.000004 0.000016 0.000001 0.000000 0.000000 0.000006 0.000004 0.000001 0.000007 0.000007 0.000000 0.000004 0.000000 0.000004 0.000011 0.000005 0.000001 0.000002 0.000000 0.000002 0.000000 0.000000 0.000000 0.000001 0.000007 0.000011 0.000000 0.000004 0.000002 0.000001 0.000000 0.000003 0.000003 0.000001 0.000001 0.000000 0.000008 0.000008 0.000003 0.000001 0.000000 0.000000 0.000001 0.000003 0.000003 0.000001
0.163553 0.000491 0.001080 0.000019 0.000000 0.061371 0.001802 0.000521 0.000124 0.000278 0.000037 0.001666 0.000021 0.001457 0.047572 0.139957 0.000013 0.000081 0.000405 0.000700 0.000014 0.000296 0.000153 0.006422 0.000182 0.000017 0.000479 0.000229 0.000712 0.000603 0.040048 0.000148 0.000010 0.000820 0.000273 0.000020 0.000334 0.000605 0.000030 0.000055 0.000002 0.001637 0.001270 0.000175 0.000480 0.000315 0.000007 0.000366 0.000010 0.000045 0.000498 0.004265 0.077473 0.000793 0.000003 0.000095 0.000358 0.000232 0.000062 0.000058 0.000038 0.000983 0.001252 0.000071 0.000104 0.006801 0.000106 0.000250 0.000114 0.104578 0.000290 0.000096 0.000169 0.000015 0.029358 0.000021 0.000162 0.000014 0.017630 0.015373 0.000710 0.000061 0.000018 0.000124 0.000030 0.000075 0.000258 0.000342 0.000824 0.014495 0.000026 0.000077 0.000036 0.000099 0.000027 0.000173 0.000118 0.002473 0.000044 0.000007 0.000104 0.000022 0.000099 0.000167 0.000113 0.000317 0.000004 0.000069 0.000058 0.000007 0.000034 0.000032 0.000089 0.000039 0.000005 0.000117 0.000102 0.000139 0.000033 0.000043 0.000032 0.000041 0.000003 0.000001 0.000022 0.000033 0.000953 0.000113 0.000001 0.000024 0.000012 0.000039 0.000004 0.000009 0.000063 0.000779 0.000064 0.000051 0.000125 0.004050 0.000028 0.000078 0.000024 0.000910 0.000045 0.000014 0.000031 0.000022
0.020934 0.000018 0.000348 0.000014 0.061371 0.000000 0.174114 0.015392 0.005093 0.004211 0.000009 0.000073 0.000013 0.000705 0.004151 0.219406 0.000157 0.000150 0.000026 0.000051 0.000001 0.000020 0.000397 0.007261 0.000054 0.000007 0.000065 0.000075 0.000155 0.006401 0.072590 0.025739 0.000004 0.000091 0.001493 0.000008 0.000044 0.000061 0.000020 0.000037 0.000002 0.000082 0.000381 0.001587 0.000128 0.002218 0.000198 0.000324 0.000005 0.000024 0.000028 0.000612 0.001412 0.000052 0.000005 0.000031 0.000013 0.000022 0.000011 0.000007 0.000020 0.001027 0.010747 0.000841 0.002470 0.126376 0.000034 0.000023 0.000028 0.203664 0.005847 0.000020 0.000039 0.000007 0.003058 0.000007 0.000711 0.000015 0.003012 0.072142 0.011396 0.001090 0.000031 0.000065 0.000006 0.000361 0.000047 0.000271 0.000809 0.013690 0.000012 0.000173 0.000015 0.000085 0.000006 0.000043 0.000080 0.000223 0.000099 0.000010 0.000056 0.000021 0.000606 0.000105 0.000832 0.001978 0.000004 0.000040 0.000053 0.000003 0.000036 0.000012 0.000033 0.000090 0.000004 0.000038 0.000056 0.000043 0.000032 0.000125 0.000015 0.000021 0.000004 0.000001 0.000007 0.000074 0.001365 0.000745 0.000003 0.000016 0.000004 0.000010 0.000001 0.000004 0.000014 0.000202 0.000359 0.000032 0.000045 0.029430 0.000015 0.000015 0.000088 0.000712 0.000047 0.000009 0.000015 0.000010
0.002580 0.000003 0.001348 0.000029 0.001802 0.174114 0.000000 0.137795 0.007058 0.003645 0.000007 0.000378 0.000039 0.001630 0.011341 0.207608 0.000013 0.000036 0.000013 0.000034 0.000001 0.000003 0.000034 0.000479 0.000061 0.000019 0.000080 0.000070 0.000085 0.011450 0.000791 0.000009 0.000002 0.000073 0.000025 0.000005 0.000021 0.000035 0.000019 0.000053 0.000002 0.000036 0.000070 0.001901 0.000079 0.001494 0.000005 0.000074 0.000011 0.000002 0.000002 0.001434 0.003980 0.000283 0.000014 0.000031 0.000002 0.000006 0.000005 0.000003 0.000003 0.001464 0.000241 0.000012 0.003501 0.082464 0.000037 0.000106 0.000038 0.001243 0.006523 0.000012 0.000036 0.000003 0.000560 0.000009 0.000063 0.000032 0.000356 0.000357 0.011572 0.002648 0.000018 0.000010 0.000002 0.000671 0.000028 0.000151 0.001080 0.017712 0.000103 0.000667 0.000032 0.000032 0.000005 0.000079 0.000162 0.000083 0.000210 0.000019 0.000107 0.000013 0.000138 0.000082 0.000003 0.000002 0.000000 0.000015 0.000046 0.000002 0.000065 0.000022 0.000022 0.000124 0.000003 0.000075 0.000073 0.000021 0.000031 0.000074 0.000007 0.000017 0.000005 0.000005 0.000006 0.000043 0.001053 0.003429 0.000001 0.000048 0.000009 0.000005 0.000003 0.000005 0.000017 0.000048 0.000003 0.000006 0.000010 0.002207 0.000023 0.000211 0.000068 0.000000 0.000010 0.000011 0.000007 0.000002
0.000219 0.000003 0.062571 0.000005 0.000521 0.015392 0.137795 0.000000 0.083337 0.008935 0.000023 0.001026 0.000008 0.000847 0.001083 0.147517 0.000003 0.000016 0.000012 0.000048 0.000000 0.000002 0.000197 0.000110 0.000017 0.000006 0.000079 0.000025 0.000040 0.043473 0.000070 0.000025 0.000001 0.000052 0.000034 0.000001 0.000018 0.000017 0.000010 0.000019 0.000000 0.000018 0.000030 0.004963 0.000023 0.124645 0.000003 0.000029 0.000002 0.000001 0.000003 0.000744 0.000632 0.000055 0.000003 0.000010 0.000001 0.000006 0.000001 0.000002 0.000026 0.000284 0.000048 0.000013 0.004155 0.061519 0.000016 0.000167 0.000007 0.000091 0.016882 0.000005 0.000023 0.000000 0.000091 0.000033 0.011234 0.000009 0.000046 0.000011 0.003370 0.006160 0.001317 0.000455 0.000007 0.000114 0.000012 0.000057 0.000057 0.021344 0.000058 0.000161 0.000182 0.000091 0.000012 0.000035 0.000086 0.000035 0.000062 0.000012 0.000830 0.000329 0.002090 0.004424 0.000003 0.000003 0.000001 0.000059 0.000042 0.000009 0.000042 0.000028 0.000009 0.000026 0.000001 0.000031 0.000055 0.000114 0.000054 0.003345 0.000002 0.000025 0.000001 0.000003 0.000003 0.000009 0.000040 0.000612 0.000000 0.000162 0.000027 0.000004 0.000011 0.000014 0.000009 0.000013 0.000003 0.000006 0.000311 0.003808 0.000527 0.000099 0.000662 0.000000 0.000530 0.000017 0.000035 0.000005
0.000007 0.000000 0.004058 0.000000 0.000124 0.005093 0.007058 0.083337 0.000000 0.104196 0.000012 0.000008 0.000000 0.000022 0.000050 0.008733 0.000000 0.000001 0.000000 0.000004 0.000001 0.002930 0.000015 0.000003 0.000000 0.000000 0.000016 0.000000 0.000001 0.120147 0.000005 0.000001 0.000000 0.000010 0.000003 0.000000 0.000002 0.000001 0.000000 0.000000 0.000000 0.000000 0.000002 0.012345 0.000000 0.046735 0.000000 0.000002 0.000000 0.000000 0.000000 0.000014 0.000010 0.000001 0.000000 0.000000 0.000000 0.000000 0.000000 0.000001 0.000002 0.000003 0.000005 0.000000 0.002683 0.102370 0.000000 0.000002 0.000000 0.000015 0.138643 0.000000 0.000009 0.000000 0.000006 0.000002 0.000166 0.000000 0.000003 0.000003 0.000037 0.001971 0.016636 0.000033 0.000000 0.000001 0.000000 0.000002 0.000002 0.000276 0.000001 0.000002 0.000005 0.000006 0.000002 0.000001 0.000001 0.000003 0.000001 0.000000 0.000137 0.000001 0.000001 0.004758 0.000001 0.000000 0.000000 0.000000 0.000002 0.000000 0.000005 0.000002 0.000000 0.000000 0.000000 0.000001 0.000002 0.000004 0.000000 0.000314 0.000000 0.000000 0.000000 0.000000 0.000000 0.000000 0.000003 0.000007 0.000000 0.000005 0.000001 0.000000 0.000000 0.000002 0.000001 0.000000 0.000002 0.000000 0.000019 0.006599 0.000001 0.000001 0.000000 0.000000 0.001163 0.000001 0.000000 0.000000
0.002078 0.000313 0.000103 0.000001 0.000278 0.004211 0.003645 0.008935 0.104196 0.000000 0.008421 0.000508 0.000002 0.000298 0.000757 0.022006 0.000034 0.000099 0.000297 0.033759 0.000096 0.010041 0.057022 0.004253 0.000015 0.000004 0.002587 0.000010 0.000023 0.027024 0.000902 0.005682 0.000000 0.001774 0.001197 0.000002 0.001071 0.001199 0.000001 0.000003 0.000000 0.005955 0.008290 0.076335 0.000013 0.000125 0.000061 0.000150 0.000002 0.003338 0.000523 0.000477 0.000365 0.000046 0.000000 0.000007 0.000028 0.000311 0.000043 0.000080 0.015236 0.000143 0.003547 0.000552 0.021693 0.206080 0.000006 0.000160 0.000002 0.000939 0.002338 0.000065 0.000363 0.000000 0.000160 0.000342 0.000469 0.000010 0.000045 0.000007 0.000006 0.000023 0.000651 0.014329 0.001627 0.000107 0.000020 0.000042 0.000051 0.000540 0.000057 0.000186 0.000288 0.002098 0.000419 0.001745 0.013642 0.000198 0.000030 0.000011 0.000980 0.000045 0.000027 0.001478 0.000313 0.000027 0.000012 0.000157 0.000272 0.000008 0.000110 0.000074 0.000013 0.000017 0.000004 0.000459 0.001701 0.003579 0.000018 0.000033 0.000100 0.000105 0.000001 0.000029 0.000172 0.000016 0.000026 0.000268 0.000001 0.000051 0.000134 0.000500 0.000020 0.000049 0.001000 0.000038 0.000071 0.000122 0.006920 0.077534 0.000078 0.000118 0.000006 0.000001 0.000038 0.000039 0.000086 0.000084
0.000196 0.000093 0.000033 0.000003 0.000037 0.000009 0.000007 0.000023 0.000012 0.008421 0.000000 0.000024 0.000003 0.000014 0.000065 0.000157 0.000002 0.000023 0.000223 0.323223 0.000010 0.068246 0.000955 0.000194 0.000020 0.000002 0.000202 0.000004 0.000007 0.020176 0.000007 0.000053 0.000000 0.001512 0.000310 0.000002 0.000191 0.000501 0.000002 0.000005 0.000000 0.057824 0.000297 0.202237 0.000003 0.000009 0.000018 0.000170 0.000001 0.000098 0.000015 0.000003 0.000036 0.000001 0.000000 0.000015 0.000005 0.000071 0.000004 0.000021 0.005987 0.000071 0.000134 0.000109 0.174562 0.001388 0.000003 0.000003 0.000002 0.000005 0.000154 0.000034 0.000273 0.000000 0.000048 0.000148 0.000028 0.000001 0.000008 0.000002 0.000000 0.000000 0.000660 0.000318 0.003812 0.000003 0.000002 0.000003 0.000007 0.000029 0.000023 0.000051 0.000149 0.000474 0.000139 0.000982 0.001119 0.000042 0.000009 0.000002 0.000255 0.000008 0.000003 0.003685 0.000003 0.000001 0.000000 0.000024 0.000065 0.000002 0.000052 0.000011 0.000000 0.000001 0.000000 0.000254 0.000199 0.000968 0.000001 0.000003 0.000006 0.000020 0.000000 0.000005 0.000020 0.000001 0.000003 0.000003 0.000000 0.000007 0.000051 0.000043 0.000005 0.000029 0.000258 0.000004 0.000007 0.000020 0.000780 0.002224 0.000005 0.000001 0.000000 0.000000 0.000017 0.000005 0.000015 0.000002
0.001429 0.000133 0.002623 0.085965 0.001666 0.000073 0.000378 0.001026 0.000008 0.000508 0.000024 0.000000 0.009714 0.119419 0.001604 0.049574 0.058054 0.044741 0.000467 0.000784 0.000004 0.000091 0.000331 0.003677 0.007126 0.020210 0.003868 0.004546 0.002340 0.003178 0.000021 0.000052 0.003653 0.007708 0.002423 0.011735 0.000809 0.002476 0.010692 0.100877 0.007055 0.001106 0.000337 0.000220 0.002356 0.003400 0.000999 0.009899 0.254751 0.000031 0.000076 0.106834 0.000658 0.000661 0.000656 0.002164 0.000086 0.000191 0.000115 0.000148 0.000025 0.006650 0.000108 0.001320 0.000103 0.000508 0.004747 0.075314 0.000775 0.000038 0.000564 0.002558 0.004678 0.001567 0.000063 0.000028 0.000262 0.000020 0.000043 0.000010 0.000311 0.000090 0.000018 0.000071 0.000029 0.000224 0.000031 0.000074 0.000151 0.003367 0.000068 0.000236 0.000043 0.000103 0.000027 0.000098 0.000220 0.000035 0.000075 0.000012 0.000202 0.000031 0.000058 0.000320 0.000004 0.000010 0.000011 0.000114 0.000058 0.000012 0.000047 0.000029 0.000025 0.000058 0.000011 0.000056 0.000076 0.000158 0.000026 0.000461 0.000013 0.000070 0.000007 0.000003 0.000026 0.000016 0.000064 0.000521 0.000002 0.000043 0.000014 0.000033 0.000004 0.000012 0.000077 0.000020 0.000007 0.000016 0.000164 0.000161 0.000026 0.000353 0.000013 0.000000 0.000077 0.000016 0.000042 0.000099
0.000104 0.000064 0.000730 0.001217 0.000021 0.000013 0.000039 0.000008 0.000000 0.000002 0.000003 0.009714 0.000000 0.059766 0.000510 0.001261 0.001066 0.144011 0.000330 0.000477 0.000002 0.000021 0.000029 0.142652 0.002108 0.000951 0.001092 0.001267 0.001093 0.000429 0.000001 0.000004 0.000011 0.000938 0.003379 0.000233 0.000250 0.000769 0.121355 0.011429 0.000039 0.000845 0.000100 0.000019 0.002076 0.000067 0.197226 0.003761 0.012334 0.000005 0.000014 0.000075 0.000071 0.000013 0.000162 0.000325 0.000045 0.000095 0.000018 0.000047 0.000005 0.019137 0.000044 0.008864 0.000010 0.000025 0.000444 0.000625 0.000045 0.000001 0.000003 0.000596 0.001414 0.000039 0.000010 0.000007 0.000011 0.000001 0.000008 0.000000 0.000001 0.000001 0.000000 0.000001 0.000002 0.000011 0.000002 0.000005 0.000020 0.000106 0.000004 0.000024 0.000010 0.000009 0.000006 0.000015 0.000011 0.000003 0.000007 0.000003 0.000049 0.000002 0.000003 0.000020 0.000001 0.000001 0.000000 0.000005 0.000005 0.000001 0.000014 0.000011 0.000002 0.000001 0.000000 0.000006 0.000020 0.000014 0.000002 0.000002 0.000000 0.000006 0.000000 0.000001 0.000001 0.000001 0.000008 0.000009 0.000000 0.000008 0.000002 0.000001 0.000001 0.000002 0.000004 0.000003 0.000001 0.000001 0.000014 0.000008 0.000002 0.000003 0.000000 0.000000 0.000000 0.000005 0.000003 0.000000
0.001324 0.000143 0.003498 0.009899 0.001457 0.000705 0.001630 0.000847 0.000022 0.000298 0.000014 0.119419 0.059766 0.000000 0.005248 0.050145 0.001830 0.031863 0.000698 0.000956 0.000005 0.000064 0.000262 0.011538 0.028794 0.022701 0.009200 0.014925 0.005857 0.003371 0.000031 0.000050 0.000207 0.003275 0.000680 0.003398 0.001370 0.005950 0.232497 0.244122 0.000352 0.001200 0.000449 0.000133 0.012132 0.001274 0.010727 0.007787 0.101726 0.000045 0.000029 0.121919 0.001996 0.001653 0.006846 0.015274 0.000100 0.000234 0.000279 0.000240 0.000018 0.112129 0.000377 0.001234 0.000162 0.001806 0.016099 0.004682 0.001682 0.000043 0.000725 0.003996 0.009283 0.000406 0.000233 0.000036 0.000213 0.000123 0.000584 0.000070 0.000374 0.000055 0.000013 0.000056 0.000021 0.001570 0.000110 0.000542 0.003131 0.010441 0.000077 0.002454 0.000085 0.000160 0.000026 0.000236 0.000158 0.000125 0.000866 0.000052 0.000308 0.000051 0.000220 0.000251 0.000013 0.000017 0.000007 0.000104 0.000224 0.000020 0.000283 0.000093 0.000097 0.000781 0.000025 0.000188 0.000350 0.000120 0.000145 0.000148 0.000036 0.000113 0.000048 0.000013 0.000020 0.000191 0.000934 0.000824 0.000008 0.000111 0.000022 0.000035 0.000010 0.000026 0.000061 0.000179 0.000015 0.000018 0.000088 0.000407 0.000076 0.000106 0.000048 0.000003 0.000043 0.000055 0.000060 0.000053
0.092821 0.000230 0.002348 0.000451 0.047572 0.004151 0.011341 0.001083 0.000050 0.000757 0.000065 0.001604 0.000510 0.005248 0.000000 0.122599 0.000143 0.000428 0.000417 0.000703 0.000009 0.000171 0.000360 0.027764 0.001287 0.000257 0.001539 0.002770 0.046681 0.001340 0.000076 0.000208 0.000064 0.001241 0.000740 0.000157 0.000528 0.000815 0.000393 0.000845 0.000030 0.001027 0.001102 0.000339 0.004470 0.001161 0.000056 0.001541 0.000182 0.000074 0.000273 0.277195 0.390906 0.218803 0.000160 0.000930 0.000122 0.000229 0.000242 0.000091 0.000074 0.128805 0.000303 0.000191 0.000121 0.006065 0.001195 0.104433 0.079633 0.000080 0.000539 0.000286 0.000691 0.000087 0.002238 0.000042 0.000510 0.000030 0.004144 0.000542 0.000548 0.000185 0.000024 0.000151 0.000072 0.000180 0.000099 0.000575 0.002291 0.011641 0.000033 0.000161 0.000079 0.000286 0.000042 0.000192 0.000243 0.000205 0.000102 0.000024 0.000313 0.000061 0.000211 0.000384 0.000093 0.000231 0.000020 0.000169 0.000084 0.000022 0.000075 0.000049 0.000102 0.000244 0.000023 0.000095 0.000117 0.000321 0.000080 0.000336 0.000039 0.000117 0.000015 0.000003 0.000054 0.000140 0.002188 0.000331 0.000009 0.000056 0.000021 0.000080 0.000016 0.000021 0.000134 0.000540 0.000082 0.000045 0.000353 0.000500 0.000057 0.000069 0.000107 0.000081 0.000114 0.000032 0.000068 0.000129
0.027263 0.000427 0.153567 0.000613 0.139957 0.219406 0.207608 0.147517 0.008733 0.022006 0.000157 0.049574 0.001261 0.050145 0.122599 0.000000 0.000192 0.001579 0.003170 0.003013 0.000020 0.000437 0.006183 0.008025 0.001994 0.001032 0.003918 0.002777 0.015122 0.013386 0.005044 0.003761 0.000085 0.002432 0.002423 0.000394 0.000863 0.001180 0.002340 0.003694 0.000058 0.001671 0.002627 0.003373 0.002705 0.035875 0.000264 0.002470 0.000838 0.000246 0.000523 0.107537 0.032469 0.268881 0.000250 0.001134 0.000504 0.001027 0.001098 0.000193 0.000350 0.028653 0.002007 0.001294 0.001307 0.050882 0.001367 0.062818 0.049818 0.050044 0.012565 0.000620 0.000973 0.000174 0.002574 0.000320 0.007889 0.000429 0.007329 0.029435 0.027356 0.023653 0.001480 0.003485 0.000229 0.006545 0.000636 0.002216 0.008048 0.091632 0.000427 0.003487 0.000717 0.002894 0.000145 0.000743 0.001934 0.000592 0.001735 0.000267 0.003525 0.000513 0.003041 0.007208 0.000103 0.000230 0.000115 0.000753 0.000467 0.000294 0.000770 0.000244 0.001080 0.005186 0.000211 0.000500 0.000660 0.001235 0.000731 0.027863 0.000148 0.000642 0.000560 0.000045 0.000197 0.000963 0.012780 0.010491 0.000072 0.001405 0.000190 0.000433 0.000320 0.000179 0.000498 0.000940 0.000092 0.000165 0.001848 0.024910 0.000435 0.001689 0.001930 0.000099 0.002672 0.000188 0.000324 0.000586
0.000073 0.000029 0.002598 0.054826 0.000013 0.000157 0.000013 0.000003 0.000000 0.000034 0.000002 0.058054 0.001066 0.001830 0.000143 0.000192 0.000000 0.175787 0.000360 0.000360 0.000001 0.000005 0.009816 0.009922 0.009424 0.013884 0.005971 0.012094 0.001560 0.000444 0.000348 0.000780 0.012148 0.016314 0.050641 0.012916 0.003018 0.007587 0.000729 0.000938 0.039328 0.000151 0.000471 0.000010 0.006293 0.000112 0.020234 0.140599 0.116238 0.000044 0.000004 0.000069 0.000023 0.000007 0.000158 0.002455 0.000030 0.000097 0.000075 0.000405 0.000009 0.000950 0.022680 0.003661 0.000012 0.000090 0.005416 0.001300 0.000031 0.000118 0.000005 0.011980 0.018020 0.016283 0.000012 0.000007 0.000087 0.000000 0.000005 0.000005 0.000002 0.000005 0.000001 0.000000 0.000001 0.000002 0.000001 0.000004 0.000009 0.000045 0.000004 0.000007 0.000011 0.000010 0.000002 0.000010 0.000020 0.000006 0.000002 0.000000 0.000063 0.000003 0.000011 0.000044 0.000006 0.000016 0.000001 0.000022 0.000010 0.000002 0.000015 0.000011 0.000000 0.000001 0.000001 0.000006 0.000017 0.000012 0.000002 0.000021 0.000002 0.000012 0.000000 0.000000 0.000001 0.000001 0.000004 0.000003 0.000000 0.000005 0.000002 0.000003 0.000000 0.000002 0.000004 0.000002 0.000009 0.000004 0.000020 0.000012 0.000006 0.000001 0.000001 0.000000 0.000002 0.000005 0.000010 0.000010
0.000392 0.000215 0.002321 0.011125 0.000081 0.000150 0.000036 0.000016 0.000001 0.000099 0.000023 0.044741 0.144011 0.031863 0.000428 0.001579 0.175787 0.000000 0.000645 0.000903 0.000005 0.000083 0.006805 0.049104 0.005103 0.009524 0.003466 0.005820 0.002171 0.000863 0.000484 0.001784 0.000451 0.007782 0.023948 0.005351 0.001783 0.003361 0.054069 0.011890 0.003949 0.001435 0.001298 0.000077 0.006042 0.000371 0.218932 0.037990 0.186141 0.000116 0.000026 0.000109 0.000127 0.000030 0.000310 0.001088 0.000124 0.000243 0.000154 0.000246 0.000043 0.018216 0.054258 0.039656 0.000075 0.000118 0.002303 0.003165 0.000181 0.000297 0.000036 0.003202 0.005581 0.003541 0.000060 0.000018 0.000177 0.000002 0.000019 0.000017 0.000008 0.000005 0.000002 0.000015 0.000015 0.000015 0.000009 0.000009 0.000032 0.000136 0.000015 0.000027 0.000032 0.000057 0.000014 0.000038 0.000054 0.000016 0.000014 0.000004 0.000157 0.000006 0.000020 0.000166 0.000013 0.000010 0.000006 0.000091 0.000025 0.000009 0.000025 0.000019 0.000003 0.000008 0.000004 0.000015 0.000036 0.000079 0.000007 0.000039 0.000007 0.000050 0.000001 0.000001 0.000006 0.000002 0.000013 0.000009 0.000000 0.000017 0.000013 0.000028 0.000005 0.000006 0.000017 0.000004 0.000014 0.000011 0.000110 0.000080 0.000009 0.000003 0.000002 0.000001 0.000016 0.000011 0.000036 0.000047
0.001135 0.233655 0.001034 0.000148 0.000405 0.000026 0.000013 0.000012 0.000000 0.000297 0.000223 0.000467 0.000330 0.000698 0.000417 0.003170 0.000360 0.000645 0.000000 0.067604 0.002445 0.000136 0.001321 0.001224 0.041391 0.000282 0.066095 0.000205 0.000927 0.002133 0.000014 0.000152 0.000053 0.012317 0.002206 0.000364 0.035738 0.015835 0.000286 0.000334 0.000044 0.114459 0.004535 0.000380 0.000343 0.000166 0.000378 0.004602 0.000179 0.005589 0.000309 0.000330 0.000294 0.000075 0.000026 0.018567 0.382600 0.233604 0.122269 0.006836 0.001283 0.001764 0.001375 0.002175 0.004151 0.000220 0.000181 0.000637 0.000118 0.000009 0.000040 0.006979 0.070110 0.000185 0.000076 0.000203 0.000065 0.000003 0.000031 0.000014 0.000008 0.000012 0.000007 0.000029 0.000129 0.000006 0.000004 0.000004 0.000012 0.000062 0.000052 0.000094 0.000266 0.000392 0.000115 0.000148 0.000142 0.000023 0.000017 0.000001 0.000313 0.000007 0.000006 0.000654 0.000004 0.000008 0.000003 0.000041 0.000096 0.000004 0.000034 0.000009 0.000001 0.000003 0.000005 0.000079 0.000110 0.000429 0.000003 0.000039 0.000014 0.000036 0.000001 0.000007 0.000018 0.000002 0.000008 0.000006 0.000000 0.000018 0.000091 0.000178 0.000015 0.000041 0.000074 0.000006 0.000008 0.000018 0.000546 0.000336 0.000004 0.000002 0.000002 0.000001 0.000064 0.000008 0.000017 0.000020
0.002318 0.032015 0.001854 0.000199 0.000700 0.000051 0.000034 0.000048 0.000004 0.033759 0.323223 0.000784 0.000477 0.000956 0.000703 0.003013 0.000360 0.000903 0.067604 0.000000 0.002373 0.041039 0.004249 0.002366 0.005963 0.000315 0.053480 0.000284 0.000664 0.029390 0.000070 0.000736 0.000079 0.020835 0.005533 0.000452 0.015711 0.017523 0.000421 0.000520 0.000059 0.083632 0.008098 0.099217 0.000445 0.000557 0.000722 0.007027 0.000217 0.008460 0.000740 0.000110 0.000518 0.000039 0.000024 0.022655 0.010011 0.167590 0.006940 0.010775 0.025933 0.003276 0.003271 0.003958 0.076960 0.006978 0.000193 0.000294 0.000164 0.000057 0.000102 0.007537 0.012067 0.000255 0.000284 0.001259 0.000436 0.000014 0.000075 0.000031 0.000016 0.000017 0.000015 0.002334 0.002982 0.000018 0.000032 0.000031 0.000044 0.000207 0.000196 0.000397 0.001372 0.004922 0.001026 0.003751 0.008239 0.000222 0.000155 0.000010 0.001948 0.000069 0.000038 0.002467 0.000043 0.000041 0.000019 0.000275 0.000481 0.000021 0.000232 0.000086 0.000019 0.000017 0.000015 0.000927 0.001313 0.009215 0.000016 0.000189 0.000142 0.000224 0.000002 0.000062 0.000360 0.000005 0.000030 0.000023 0.000002 0.000112 0.000497 0.001700 0.000103 0.000198 0.001871 0.000035 0.000082 0.000160 0.011688 0.010312 0.000045 0.000010 0.000010 0.000004 0.000120 0.000057 0.000131 0.000108
0.000071 0.172296 0.000009 0.000001 0.000014 0.000001 0.000001 0.000000 0.000001 0.000096 0.000010 0.000004 0.000002 0.000005 0.000009 0.000020 0.000001 0.000005 0.002445 0.002373 0.000000 0.033521 0.056837 0.000072 0.000002 0.000001 0.000252 0.000002 0.000005 0.000021 0.000006 0.000020 0.000000 0.000418 0.000073 0.000001 0.001705 0.000295 0.000002 0.000000 0.000000 0.006469 0.000677 0.000021 0.000002 0.000002 0.000012 0.000028 0.000000 0.130120 0.087321 0.000000 0.000015 0.000000 0.000000 0.000001 0.003629 0.001116 0.072755 0.167391 0.265409 0.000012 0.000067 0.000051 0.000158 0.000029 0.000001 0.000001 0.000001 0.000004 0.000000 0.000017 0.000056 0.000001 0.000002 0.000001 0.000002 0.000000 0.000001 0.000000 0.000000 0.000000 0.000000 0.000003 0.000004 0.000000 0.000000 0.000001 0.000001 0.000001 0.000000 0.000001 0.000001 0.000008 0.000002 0.000005 0.000008 0.000001 0.000001 0.000000 0.000002 0.000000 0.000000 0.000003 0.000000 0.000000 0.000000 0.000000 0.000000 0.000000 0.000000 0.000000 0.000001 0.000000 0.000000 0.000001 0.000001 0.000013 0.000000 0.000000 0.000000 0.000000 0.000000 0.000000 0.000000 0.000000 0.000001 0.000000 0.000000 0.000000 0.000001 0.000003 0.000000 0.000000 0.000002 0.000000 0.000001 0.000000 0.000026 0.000014 0.000000 0.000000 0.000000 0.000000 0.000000 0.000000 0.000000 0.000001
0.001212 0.009945 0.000172 0.000016 0.000296 0.000020 0.000003 0.000002 0.002930 0.010041 0.068246 0.000091 0.000021 0.000064 0.000171 0.000437 0.000005 0.000083 0.000136 0.041039 0.033521 0.000000 0.031821 0.001037 0.000024 0.000009 0.000166 0.000027 0.000084 0.046611 0.000025 0.000092 0.000002 0.009685 0.001397 0.000006 0.001496 0.005882 0.000016 0.000011 0.000001 0.124557 0.002997 0.240200 0.000046 0.000031 0.000287 0.000333 0.000004 0.001567 0.188023 0.000009 0.000266 0.000004 0.000000 0.000014 0.000051 0.000127 0.000020 0.000061 0.246747 0.000194 0.001090 0.001400 0.014235 0.000813 0.000014 0.000015 0.000031 0.000014 0.004220 0.000038 0.000141 0.000002 0.000045 0.000011 0.000020 0.000000 0.000010 0.000004 0.000001 0.000000 0.000618 0.000268 0.000637 0.000002 0.000000 0.000004 0.000005 0.000028 0.000002 0.000007 0.000011 0.000042 0.000022 0.000820 0.000791 0.000011 0.000002 0.000000 0.000026 0.000003 0.000003 0.000433 0.000005 0.000002 0.000001 0.000014 0.000012 0.000001 0.000006 0.000007 0.000001 0.000002 0.000001 0.000087 0.000121 0.000101 0.000001 0.000004 0.000005 0.000010 0.000000 0.000000 0.000009 0.000000 0.000003 0.000005 0.000000 0.000004 0.000004 0.000008 0.000001 0.000002 0.000076 0.000000 0.000003 0.000007 0.000086 0.001288 0.000002 0.000001 0.000000 0.000001 0.000040 0.000003 0.000004 0.000008
0.001132 0.002746 0.004408 0.000023 0.000153 0.000397 0.000034 0.000197 0.000015 0.057022 0.000955 0.000331 0.000029 0.000262 0.000360 0.006183 0.009816 0.006805 0.001321 0.004249 0.056837 0.031821 0.000000 0.010005 0.000215 0.000036 0.003980 0.000614 0.000389 0.024194 0.000362 0.003882 0.000086 0.006924 0.139919 0.000160 0.005915 0.001189 0.000036 0.000038 0.000029 0.004739 0.238395 0.029973 0.000662 0.002127 0.000586 0.011265 0.000027 0.127919 0.002938 0.000156 0.000187 0.000022 0.000003 0.000163 0.000662 0.001168 0.000496 0.000565 0.140807 0.000541 0.045637 0.002874 0.008454 0.006288 0.000331 0.000072 0.000022 0.000389 0.008762 0.000531 0.000652 0.000180 0.000075 0.000113 0.000889 0.000013 0.000027 0.000021 0.000011 0.000027 0.000029 0.000646 0.000162 0.000026 0.000080 0.000031 0.000024 0.000316 0.000120 0.000119 0.000183 0.000398 0.000080 0.000218 0.000702 0.000055 0.000067 0.000018 0.000989 0.000035 0.000038 0.001181 0.000120 0.000206 0.000071 0.000893 0.000158 0.000061 0.000108 0.000104 0.000026 0.000014 0.000035 0.000064 0.000166 0.000708 0.000015 0.000260 0.000078 0.000603 0.000005 0.000009 0.000042 0.000007 0.000018 0.000131 0.000001 0.000076 0.000052 0.000198 0.000038 0.000049 0.000175 0.000028 0.000062 0.000053 0.000827 0.003144 0.000064 0.000044 0.000006 0.000002 0.000201 0.000075 0.000373 0.000497
0.182814 0.001485 0.005214 0.001093 0.006422 0.007261 0.000479 0.000110 0.000003 0.004253 0.000194 0.003677 0.142652 0.011538 0.027764 0.008025 0.009922 0.049104 0.001224 0.002366 0.000072 0.001037 0.010005 0.000000 0.002892 0.001786 0.002771 0.002771 0.003719 0.001740 0.080453 0.064728 0.000160 0.002669 0.019926 0.000440 0.001774 0.002529 0.015518 0.008958 0.000071 0.004573 0.007442 0.000828 0.003925 0.001075 0.174825 0.012393 0.002626 0.000946 0.002152 0.002177 0.003691 0.000252 0.000540 0.001954 0.000952 0.000866 0.000482 0.000545 0.000557 0.173908 0.224193 0.449402 0.000329 0.011267 0.001947 0.000534 0.000542 0.007564 0.000177 0.000922 0.001379 0.000224 0.004694 0.000107 0.001167 0.000044 0.001638 0.002046 0.000108 0.000116 0.000024 0.000152 0.000180 0.000166 0.000198 0.000317 0.000313 0.001991 0.000068 0.000362 0.000171 0.000486 0.000091 0.000571 0.000564 0.000631 0.000165 0.000033 0.000603 0.000118 0.000444 0.000679 0.007980 0.000817 0.000040 0.000427 0.000188 0.000043 0.000121 0.000084 0.000170 0.000146 0.000033 0.000224 0.000256 0.000820 0.000143 0.000308 0.000105 0.000297 0.000016 0.000008 0.000099 0.000071 0.000398 0.000126 0.000011 0.000092 0.000048 0.000222 0.000031 0.000047 0.000243 0.000302 0.001620 0.000182 0.000782 0.001326 0.000095 0.000035 0.000104 0.002073 0.000093 0.000052 0.000176 0.000264
0.000948 0.000280 0.000736 0.005948 0.000182 0.000054 0.000061 0.000017 0.000000 0.000015 0.000020 0.007126 0.002108 0.028794 0.001287 0.001994 0.009424 0.005103 0.041391 0.005963 0.000002 0.000024 0.000215 0.002892 0.000000 0.128911 0.060138 0.004268 0.004338 0.000456 0.000011 0.000024 0.000120 0.002476 0.001767 0.000635 0.038897 0.038789 0.009055 0.006772 0.000189 0.000295 0.000563 0.000011 0.002167 0.000079 0.000521 0.004457 0.005387 0.000181 0.000005 0.002620 0.000299 0.000082 0.213441 0.241556 0.002305 0.022327 0.024521 0.003301 0.000010 0.003743 0.000240 0.000586 0.000121 0.000076 0.018133 0.003014 0.000172 0.000004 0.000016 0.006958 0.209423 0.000252 0.000042 0.000021 0.000020 0.000002 0.000028 0.000006 0.000008 0.000003 0.000002 0.000007 0.000006 0.000023 0.000005 0.000013 0.000062 0.000313 0.000007 0.000039 0.000031 0.000031 0.000009 0.000017 0.000014 0.000010 0.000015 0.000002 0.000065 0.000002 0.000008 0.000084 0.000001 0.000002 0.000002 0.000011 0.000011 0.000001 0.000012 0.000005 0.000002 0.000009 0.000001 0.000010 0.000018 0.000034 0.000003 0.000007 0.000003 0.000007 0.000001 0.000001 0.000001 0.000003 0.000032 0.000020 0.000001 0.000008 0.000010 0.000012 0.000002 0.000006 0.000006 0.000006 0.000001 0.000004 0.000037 0.000037 0.000004 0.000003 0.000002 0.000000 0.000009 0.000003 0.000004 0.000006
0.000154 0.000038 0.000397 0.173665 0.000017 0.000007 0.000019 0.000006 0.000000 0.000004 0.000002 0.020210 0.000951 0.022701 0.000257 0.001032 0.013884 0.009524 0.000282 0.000315 0.000001 0.000009 0.000036 0.001786 0.128911 0.000000 0.002737 0.019562 0.000226 0.000298 0.000003 0.000006 0.002507 0.023721 0.000253 0.167676 0.001947 0.025011 0.006158 0.002496 0.128252 0.000238 0.000057 0.000007 0.000349 0.000095 0.000251 0.005323 0.016005 0.000009 0.000001 0.000083 0.000044 0.000008 0.198687 0.066022 0.000055 0.000105 0.000021 0.000128 0.000003 0.001346 0.000035 0.000196 0.000018 0.000015 0.209941 0.003035 0.000019 0.000001 0.000006 0.019294 0.058547 0.003929 0.000014 0.000004 0.000021 0.000001 0.000006 0.000002 0.000001 0.000000 0.000000 0.000000 0.000003 0.000013 0.000001 0.000004 0.000018 0.000123 0.000003 0.000021 0.000007 0.000010 0.000003 0.000010 0.000017 0.000003 0.000007 0.000002 0.000042 0.000002 0.000004 0.000026 0.000001 0.000001 0.000001 0.000021 0.000006 0.000002 0.000014 0.000013 0.000000 0.000002 0.000000 0.000005 0.000012 0.000018 0.000001 0.000003 0.000001 0.000013 0.000000 0.000000 0.000001 0.000002 0.000004 0.000010 0.000000 0.000004 0.000002 0.000005 0.000001 0.000002 0.000006 0.000002 0.000001 0.000002 0.000020 0.000009 0.000006 0.000002 0.000000 0.000000 0.000002 0.000007 0.000011 0.000005
0.001707 0.007525 0.042281 0.002773 0.000479 0.000065 0.000080 0.000079 0.000016 0.002587 0.000202 0.003868 0.001092 0.009200 0.001539 0.003918 0.005971 0.003466 0.066095 0.053480 0.000252 0.000166 0.003980 0.002771 0.060138 0.002737 0.000000 0.016921 0.007907 0.121603 0.000041 0.000859 0.004789 0.033188 0.007818 0.003482 0.025933 0.019773 0.001864 0.002138 0.001603 0.000961 0.007717 0.000329 0.003898 0.008548 0.000434 0.041116 0.002418 0.008404 0.000195 0.002745 0.000457 0.000168 0.001870 0.310319 0.014970 0.050221 0.021699 0.009799 0.000931 0.005069 0.004322 0.002559 0.036171 0.001476 0.110173 0.002528 0.000418 0.000030 0.000157 0.011533 0.037000 0.006193 0.000288 0.001454 0.003272 0.000033 0.000099 0.000071 0.000065 0.000105 0.000145 0.000585 0.000777 0.000022 0.000108 0.000065 0.000095 0.000372 0.000319 0.000576 0.002992 0.003115 0.000660 0.000768 0.000722 0.000222 0.000213 0.000045 0.002395 0.000098 0.000052 0.011672 0.000046 0.000076 0.000070 0.000648 0.000684 0.000132 0.000376 0.000089 0.000038 0.000037 0.000074 0.000498 0.000812 0.004708 0.000037 0.001349 0.000290 0.000425 0.000010 0.000100 0.000130 0.000018 0.000089 0.000031 0.000003 0.000187 0.000879 0.003484 0.000340 0.000472 0.000301 0.000090 0.000093 0.000327 0.003967 0.003959 0.000098 0.000009 0.000008 0.000006 0.001620 0.000073 0.000188 0.000410
0.001249 0.000063 0.088616 0.068590 0.000229 0.000075 0.000070 0.000025 0.000000 0.000010 0.000004 0.004546 0.001267 0.014925 0.002770 0.002777 0.012094 0.005820 0.000205 0.000284 0.000002 0.000027 0.000614 0.002771 0.004268 0.019562 0.016921 0.000000 0.070693 0.001145 0.000014 0.000257 0.000856 0.001278 0.005349 0.000276 0.001147 0.002413 0.001173 0.000930 0.002922 0.000402 0.000790 0.000022 0.290640 0.000095 0.000264 0.027458 0.006631 0.000049 0.000016 0.007503 0.000275 0.000146 0.000200 0.004276 0.000035 0.000060 0.000035 0.000618 0.000010 0.005091 0.000898 0.000684 0.000019 0.000087 0.300884 0.006818 0.000367 0.000007 0.000021 0.002566 0.002978 0.000395 0.000101 0.000004 0.000126 0.000001 0.000060 0.000006 0.000007 0.000005 0.000002 0.000004 0.000004 0.000020 0.000008 0.000025 0.000107 0.000456 0.000008 0.000033 0.000009 0.000021 0.000007 0.000027 0.000022 0.000025 0.000011 0.000003 0.000051 0.000006 0.000020 0.000043 0.000004 0.000002 0.000005 0.000049 0.000015 0.000008 0.000014 0.000025 0.000007 0.000009 0.000002 0.000015 0.000025 0.000023 0.000005 0.000025 0.000004 0.000024 0.000001 0.000000 0.000008 0.000005 0.000066 0.000026 0.000000 0.000006 0.000004 0.000006 0.000001 0.000004 0.000025 0.000014 0.000003 0.000003 0.000023 0.000031 0.000012 0.000007 0.000004 0.000001 0.000005 0.000014 0.000022 0.000019
0.003145 0.000239 0.073626 0.033003 0.000712 0.000155 0.000085 0.000040 0.000001 0.000023 0.000007 0.002340 0.001093 0.005857 0.046681 0.015122 0.001560 0.002171 0.000927 0.000664 0.000005 0.000084 0.000389 0.003719 0.004338 0.000226 0.007907 0.070693 0.000000 0.000742 0.000043 0.000127 0.000045 0.000823 0.003193 0.000112 0.002227 0.002916 0.001702 0.001498 0.000035 0.000739 0.000435 0.000037 0.368582 0.000420 0.000582 0.002661 0.000916 0.000049 0.000042 0.031278 0.000836 0.031158 0.000025 0.002986 0.000195 0.000254 0.000428 0.000393 0.000013 0.003802 0.001120 0.001731 0.000087 0.000154 0.011950 0.162359 0.261578 0.000017 0.000019 0.000886 0.002824 0.000080 0.000108 0.000020 0.000184 0.000002 0.000058 0.000008 0.000012 0.000033 0.000003 0.000010 0.000006 0.000014 0.000019 0.000031 0.000071 0.000415 0.000013 0.000029 0.000025 0.000054 0.000010 0.000058 0.000035 0.000025 0.000028 0.000008 0.000106 0.000016 0.000135 0.000077 0.000006 0.000006 0.000006 0.000074 0.000024 0.000010 0.000025 0.000022 0.000018 0.000017 0.000005 0.000028 0.000034 0.000037 0.000026 0.000056 0.000006 0.000039 0.000002 0.000002 0.000012 0.000005 0.000050 0.000019 0.000001 0.000017 0.000009 0.000013 0.000005 0.000008 0.000033 0.000016 0.000006 0.000008 0.000042 0.000060 0.000023 0.000007 0.000050 0.000000 0.000006 0.000011 0.000026 0.000051
0.001803 0.001302 0.133705 0.000295 0.000603 0.006401 0.011450 0.043473 0.120147 0.027024 0.020176 0.003178 0.000429 0.003371 0.001340 0.013386 0.000444 0.000863 0.002133 0.029390 0.000021 0.046611 0.024194 0.001740 0.000456 0.000298 0.121603 0.001145 0.000742 0.000000 0.000099 0.000896 0.000235 0.010449 0.005650 0.000944 0.011115 0.006387 0.000561 0.000740 0.000199 0.000827 0.004165 0.045235 0.000430 0.198707 0.000203 0.009076 0.000229 0.001238 0.000111 0.001136 0.000818 0.000094 0.000029 0.000326 0.000400 0.001128 0.001940 0.002679 0.013182 0.002678 0.002178 0.001351 0.196692 0.018794 0.000379 0.001198 0.000135 0.000069 0.414325 0.007543 0.003709 0.000585 0.000784 0.004641 0.004760 0.000075 0.000198 0.000156 0.000283 0.000289 0.000568 0.001412 0.001080 0.000067 0.000171 0.000124 0.000146 0.001613 0.001345 0.002268 0.008086 0.007569 0.001830 0.001251 0.001418 0.000634 0.000427 0.000078 0.012084 0.000238 0.000189 0.035216 0.000084 0.000122 0.000107 0.000834 0.002531 0.000129 0.001679 0.000318 0.000063 0.000072 0.000078 0.001175 0.002812 0.005048 0.000067 0.002829 0.000389 0.000992 0.000019 0.000247 0.000172 0.000032 0.000126 0.000214 0.000003 0.000639 0.002690 0.003388 0.000411 0.001264 0.000740 0.000155 0.000189 0.000486 0.006549 0.012100 0.000358 0.000040 0.000068 0.000015 0.003170 0.000238 0.000328 0.000502
